24327642_1065871216889303_7527548305048338432_n.jpg 0 0 0.739 0.981
24331605_133334037314763_5103042414667366400_n.jpg 1 0 0.759 0.771


24327121_1498010203647947_7485953092974804992_n.jpg 0 0 0.757 0.961
24327619_696706633869863_7338212437105049600_n.jpg 1 0 0.742 1.0
24838807_375479909558994_5843422238795104256_n.jpg 1 0 0.741 0.901
24845162_152114232180431_34451753747349504_n.jpg 1 0 0.761 0.956
24327578_864399153718424_3539087957103214592_n.jpg 0 0 0.732 0.9
24327727_1349316191864857_3284952603305181184_n.jpg 1 0 0.749 0.519
24327627_1975936865769433_8483130441954492416_n.jpg 1 0 0.75 0.927
24327648_305548376611680_1973962687159205888_n.jpg 1 0 0.757 0.987
24838362_304090746745635_2344552273847255040_n.jpg 0 0 0.759 0.885
24327093_710267545835573_7121880341769355264_n.jpg 0 0 0.737 0.698
24178083_293412824499822_1169003824963125248_n.jpg 1 0 0.744 0.879
24331764_1891308520898587_8044924180103168000_n.jpg 1 1 0.754 0.957
24838586_133433497354321_4241708404449476608_n.jpg 1 0 0.738 0.991
24331948_181412132442065_5968909414973833216_n.jpg 0 1 0.753 0.579
24332131_205971679971491_5865596064022659072_n.jpg 1 0 0.748 0.988
24332048_147523492680586_8742880524894208000_n.jpg 1 0 0.731 0.992

24177610_537381779946922_560870622314364928_n.jpg 1 1 0.752 0.996
24332501_303637090132799_1168587668401946624_n.jpg 1 1 0.757 0.834
24332044_1516394095143448_4318347251123486720_n.jpg 0 0 0.75 0.984
24327306_300247200482106_9221096863829065728_n.jpg 1 0 0.749 0.945
24327990_1209489142517530_6635326290196955136_n.jpg 1 0 0.74 0.9

24327836_133938463918088_6987125618303303680_n.jpg 1 0 0.756 0.977

24838544_132853677492817_3302818812558049280_n.jpg 1 0 0.748 1.0
24327825_554186761598980_4458085541107204096_n.jpg 1 0 0.756 0.98
24845481_145069676145951_9098774129359716352_n.jpg 1 0 0.761 0.988
24177560_158460031572204_7529013546026270720_n.jpg 1 0 0.759 0.825
24327142_117547569031279_4111758675645825024_n.jpg 1 0 0.746 0.862
24331826_144383466213282_2145213603165241344_n.jpg 1 0 0.749 0.93
24327245_344536256020724_2090992802149171200_n.jpg 1 0 0.756 0.97
24327396_1548492691871699_7382970218282221568_n.jpg 1 0 0.749 0.879
24127086_139820650126321_5947030598164938752_n.jpg 1 1 0.746 0.88
24327664_307476566406383_4841993933049298944_n.jpg 0 0 0.749 0.893
24838448_1751216348514479_674711956015284224_n.jpg 1 0 0.759 0.988
24327626_534523386881626_5544344433111072768_n.jpg 0 0 0.75 0.692
24838383_751617035040811_5849430709063647232_n.jpg 1 0 0.757 0.98
21042381_138356860159527_7213204927168905216_n.jpg 0 0 0.748 0.98
24838902_852992918204925_167651226605846528_n.jpg 1 0 0.752 0.931
24845702_1920698148180618_6557160002828632064_n.jpg 1 0 0.703 0.978
24327314_177728149479151_8315011587899392000_n.jpg 0 0 0.749 0.868
24331768_504192256646709_5694231687865565184_n.jpg 1 0 0.755 0.716
24838630_1733217336697946_3091191136635584512_n.jpg 0 0 0.734 0.993
24327176_919312498244925_6457189918845173760_n.jpg 1 0 0.758 0.993
24327256_1497128833737270_2634311121485430784_n.jpg 1 1 0.753 0.999
24331957_852842681564232_3414606000840245248_n.jpg 0 0 0.741 0.762
24332144_712635668935395_2764567141586829312_n.jpg 0 0 0.74 0.98
24327248_168963657031930_5365233830032572416_n.jpg 1 0 0.761 0.966
24332450_115737559143361_7735643366074875904_n.jpg 1 0 0.751 0.991
24332001_706532402883311_2086646729037316096_n.jpg 1 0 0.748 0.941
24332091_149645455796805_8004669792394936320_n.jpg 1 1 0.755 0.552
24332231_173155249945647_1993732228349165568_n.jpg 1 0 0.739 0.723
24327087_894165714080055_8111837094810222592_n.jpg 1 0 0.737 0.692

24328059_520223351674067_6781081404160606208_n.jpg 1 0 0.765 0.938
24274923_2039471142955025_4708878418211504128_n.jpg 1 0 0.759 0.718

24327380_1986103721658871_8578311976705327104_n.jpg 1 0 0.748 0.863
24327329_156307778433699_55922458468810752_n.jpg 0 1 0.747 0.876
24327243_1949164052004266_3725734810446987264_n.jpg 1 1 0.756 0.529
24274112_386846451752685_3458892748659097600_n.jpg 0 0 0.709 0.904
24331789_163714994235336_4982504655721332736_n.jpg 1 1 0.753 0.515
24177479_367599037058112_848779408494821376_n.jpg 0 0 0.756 0.941
24332141_145906486174754_8556364882801328128_n.jpg 0 1 0.749 0.824
24838314_588278624897049_360788698951843840_n.jpg 0 0 0.758 0.963
24175613_725206617682289_1739908702061723648_n.jpg 0 0 0.737 0.968
24845503_1898484887080305_2711061164862734336_n.jpg 1 0 0.752 0.861

24177813_2044986582388090_1424877944731336704_n.jpg 0 0 0.758 0.992
24327088_198497240719096_502755595925848064_n.jpg 1 0 0.762 0.991
24332215_317426315401934_6943301674685431808_n.jpg 1 0 0.755 0.913


24274633_1989351288003419_638511974484803584_n.jpg 0 0 0.733 0.814
24327805_138890110104200_8042748199347159040_n.jpg 1 0 0.749 0.885
24327700_1994474767477334_5992449357629095936_n.jpg 1 0 0.748 0.929
24177359_362335397561914_35177190903513088_n.jpg 0 0 0.748 0.979
24327207_147157102716360_2101984087316103168_n.jpg 1 0 0.755 0.779
24327334_889186711240165_6686831469291110400_n.jpg 1 0 0.753 0.982
24175625_1268593099941835_1044784729288605696_n.jpg 0 0 0.746 0.87
24327528_524990161215056_1042161247300091904_n.jpg 1 0 0.748 0.991
24839170_181370349112494_1270846484622868480_n.jpg 1 0 0.746 0.903
24327482_1597495710305835_6515689155828121600_n.jpg 0 0 0.709 0.994
24175613_143789816395298_5461758151948763136_n.jpg 0 0 0.741 0.762
24177811_378878662561841_1159419085751058432_n.jpg 0 0 0.728 0.992
24125662_123229208461385_8247031781841174528_n.jpg 1 0 0.746 0.954
24178007_1969991896658616_5505253500503719936_n.jpg 1 0 0.748 0.724

24327225_176997442883395_2221492961076576256_n.jpg 1 0 0.754 0.661
24174780_309695682855276_2996567045690097664_n.jpg 1 0 0.758 0.979
24331922_146702722760682_1982616204447055872_n.jpg 1 0 0.743 0.639
24332329_133203157360605_1914558298703527936_n.jpg 1 0 0.746 1.0
24327167_339801079763007_6799324475318861824_n.jpg 1 0 0.762 0.903
24838738_379246795861344_1113012599772938240_n.jpg 1 0 0.761 0.991
1170492_249327508932430_7360491373067239424_n.jpg 1 0 0.748 0.833


24331823_406172869816372_276827272340570112_n.jpg 1 0 0.742 0.607
24327084_1615035111872937_7788618038164586496_n.jpg 1 0 0.749 0.978


24846017_1398382103624648_8101466943518670848_n.jpg 1 0 0.753 0.953
24332350_307280226434310_2288011052325011456_n.jpg 1 0 0.754 0.647

24327967_165715990841559_3902743271847231488_n.jpg 0 0 0.734 0.895
24327113_1948549212072544_8245879729878466560_n.jpg 1 0 0.758 0.893
24332210_497842933931449_3621841737695100928_n.jpg 1 0 0.745 0.98
24327431_541974166137606_6519104376382947328_n.jpg 1 0 0.757 0.693
24332260_858365724337766_3614117689984811008_n.jpg 1 1 0.749 0.753
24331827_373712499736542_4429354280071200768_n.jpg 0 0 0.74 0.987
24327358_369481246828543_5415475872129875968_n.jpg 1 0 0.76 0.657
24332107_260461347818244_6782719491802398720_n.jpg 0 0 0.717 0.986
24331998_1558536640905105_5996005139578617856_n.jpg 1 1 0.749 0.978
24327969_334679043604538_379449717672640512_n.jpg 1 0 0.763 0.962
24127052_1616837378409766_7721498002954649600_n.jpg 1 0 0.753 0.975
24327535_417402578676157_6555742066620497920_n.jpg 1 0 0.763 0.729
24332233_188058755081110_848497190488768512_n.jpg 0 0 0.743 0.999
24331887_402714770148629_2987809723337670656_n.jpg 1 0 0.733 0.994
24332025_1965396570384967_6482040977576951808_n.jpg 1 0 0.753 0.832
24331868_157621251660461_6411724133784092672_n.jpg 0 0 0.746 0.957

24174772_1789476748018382_764063884410617856_n.jpg 1 0 0.758 0.994
24328022_1521151137970162_897972434894848000_n.jpg 1 0 0.759 0.992
24327660_1574967562598317_7887552498158796800_n.jpg 1 0 0.764 0.905
24327837_163901947676696_393767072758235136_n.jpg 1 0 0.746 0.993
24178083_157140218376165_5413274950498779136_n.jpg 1 0 0.763 0.967
24331935_2002718739987313_827656119382966272_n.jpg 1 1 0.739 0.899
24838545_303147410173580_7191076297882206208_n.jpg 1 1 0.755 0.935
24328005_2023209761288678_4597531485551984640_n.jpg 1 1 0.737 0.977
24327253_1792737094131939_6646036478344298496_n.jpg 1 0 0.75 0.969
24838425_183776812201020_468572887519854592_n.jpg 1 0 0.75 0.98
24274916_501624136861080_7848511859618480128_n.jpg 1 0 0.75 0.983
24331887_1697623940290108_7238228037995593728_n.jpg 0 0 0.737 0.949
24332221_136143423713570_6696310913084948480_n.jpg 1 0 0.75 0.852

24332056_1922826517993543_3074485874222694400_n.jpg 1 0 0.75 0.991


24331666_2029953063920314_3172243337084141568_n.jpg 1 1 0.754 0.998
24327238_852984158196759_7635676086705061888_n.jpg 1 0 0.753 0.98
24332250_388373761620452_585296144276389888_n.jpg 0 0 0.731 0.91
24331618_1530026190416310_2465375055412985856_n.jpg 1 0 0.752 0.986
24327998_296106400908136_2406815495614365696_n.jpg 1 0 0.747 0.978
24174904_1652112451477422_1849107476763377664_n.jpg 0 0 0.742 0.947
24845113_182989212280237_7540552074451222528_n.jpg 0 1 0.75 0.965
24838244_958106257671229_5229589103443443712_n.jpg 1 0 0.754 0.693
24839121_1805847256123692_6367912301973995520_n.jpg 1 0 0.748 0.986
24845381_138832123443528_950657420030377984_n.jpg 1 0 0.755 0.985
24331685_938186029668482_404506672841621504_n.jpg 1 0 0.752 0.985

24331978_165014334102694_5581661260757336064_n.jpg 1 0 0.749 0.978
24332052_154931888458071_234420792484429824_n.jpg 0 0 0.724 0.984
24845845_230480894158749_8097829759053987840_n.jpg 1 1 0.766 0.608
24328061_569894936682677_5066633229574864896_n.jpg 1 0 0.751 0.642
24327378_131732510830169_919849563781595136_n.jpg 0 1 0.734 0.773
24327681_755519287989424_5975876689446567936_n.jpg 0 1 0.735 0.605
24331620_182813075634224_58720900245094400_n.jpg 0 0 0.738 0.986
24327560_135358890471096_8544317843133431808_n.jpg 1 0 0.757 0.971
24838939_798736463631861_7230270696251719680_n.jpg 1 0 0.761 0.713
24178154_794622007412126_841402553055838208_n.jpg 1 0 0.755 0.67
24327995_2008269076077487_7636991411849527296_n.jpg 1 0 0.744 0.867
24838569_730314997178785_8714673546221060096_n.jpg 0 0 0.715 0.558
24327409_1511513515623495_1929625924446191616_n.jpg 1 0 0.758 0.842
24839117_1409592342483689_2922006589525196800_n.jpg 1 0 0.757 0.918
24328061_2094501104113633_6176473390409318400_n.jpg 1 0 0.757 0.838
24838479_1503165486445769_6820771583489998848_n.jpg 1 0 0.75 0.699


24845368_535251473497720_3025967003069317120_n.jpg 1 0 0.76 0.704
24838518_2060521990835318_5875886590915510272_n.jpg 0 0 0.744 0.66
24177554_290223371499830_6299375228204089344_n.jpg 1 1 0.759 0.818
24845073_158423728133581_2653138325375811584_n.jpg 0 0 0.737 0.667
24327945_151651468929650_3106611877409456128_n.jpg 1 0 0.755 0.896
24175576_518006108574446_2788574376683896832_n.jpg 0 0 0.748 0.988
24838883_180097852572868_6306121659753431040_n.jpg 1 0 0.755 0.871
24332159_150811222347093_1465508249452150784_n.jpg 1 1 0.767 0.868
24839159_186734265211911_6224618792681472000_n.jpg 1 0 0.756 0.998
24328048_146339222804629_7164331613839425536_n.jpg 1 1 0.757 0.719
24327569_1952552138103371_5808134259210190848_n.jpg 1 1 0.753 0.977
24838384_510278122678779_3756430091307974656_n.jpg 1 1 0.749 0.666
24327265_1991113577835617_7279937526263971840_n.jpg 1 1 0.749 0.525
24327150_1788379158127209_8921824075219730432_n.jpg 1 0 0.757 0.986
24327428_2078336892395172_1407147404905414656_n.jpg 1 0 0.757 0.979
24327916_323093754837473_4604933110067363840_n.jpg 0 1 0.739 0.579
24332360_400506013716909_2847988192592789504_n.jpg 0 0 0.751 0.95
24327775_171346270272474_2121128027864694784_n.jpg 1 1 0.754 0.743
24332484_1994431567500826_7334253589654667264_n.jpg 1 1 0.73 0.808
24331684_161222377819924_312659716339662848_n.jpg 1 0 0.743 0.767
24327431_1946616672266344_1245904832145915904_n.jpg 0 0 0.732 0.974
24327788_525490664489649_6918279620420698112_n.jpg 0 0 0.748 0.921
24845186_131575150845265_2008136651011784704_n.jpg 1 0 0.749 0.948
24327103_173612489893370_9103310899019513856_n.jpg 1 0 0.736 0.99
24332015_115057745884944_1253535666180980736_n.jpg 0 0 0.691 0.921
24327740_1700525240031808_6656992819657310208_n.jpg 1 0 0.746 0.973
24327648_729910880551310_2826512604493512704_n.jpg 0 0 0.719 0.991
24274441_138359110198987_7469839299098181632_n.jpg 1 0 0.742 0.948
24845551_144716409635046_5367740682184163328_n.jpg 0 0 0.726 0.95
24331923_143274546327436_943845056438075392_n.jpg 0 0 0.74 0.931
24331907_130951560905976_1012160887852630016_n.jpg 1 0 0.741 0.945
24327744_199391953961377_8492306003927236608_n.jpg 1 0 0.753 0.751
24838684_1760692510903104_8032050436540203008_n.jpg 1 0 0.738 0.963
24332451_149084029068193_3384098135172186112_n.jpg 1 1 0.748 0.643

24845996_350124358787828_4532924165123997696_n.jpg 0 0 0.752 0.993
24838914_291429648044984_4436688941751468032_n.jpg 1 0 0.762 0.971
24327243_159022104706334_4959120268191596544_n.jpg 1 0 0.758 0.891
24177777_152100545410414_2380293879288037376_n.jpg 1 0 0.758 0.973

24327855_349729222104930_4150852692039696384_n.jpg 0 0 0.737 0.997
24327666_319246448591909_7415626491016249344_n.jpg 0 0 0.747 0.958
24838729_172757093460543_4402345949460955136_n.jpg 1 0 0.76 0.994
24327655_925547764277680_382391538342166528_n.jpg 1 0 0.757 0.982
24838721_325295967938843_459536306393841664_n.jpg 1 0 0.747 0.967
24838454_2584395195126336_5731063854222278656_n.jpg 1 0 0.757 0.657

24274605_1769970666630472_8330969379973890048_n.jpg 1 0 0.76 0.941
24838187_136893447012101_327291806628708352_n.jpg 1 0 0.753 0.989
24331970_1358923670880209_2474092292835639296_n.jpg 0 1 0.742 0.921
24331881_1906676802982667_5526222145023115264_n.jpg 0 0 0.732 0.948
24327673_1865923363718201_2034377178908459008_n.jpg 0 0 0.755 0.964
24331922_149214879036162_418618573871644672_n.jpg 0 0 0.739 0.932
24838515_1915610278757299_5953225195136221184_n.jpg 0 0 0.733 0.947
24327666_1773045509374537_2512749682854199296_n.jpg 0 0 0.738 0.686
24331976_302576863586633_228295018069098496_n.jpg 1 0 0.753 0.947
24327299_786835001521807_2652145749843771392_n.jpg 1 0 0.751 0.96
24327574_1692936414091060_7854809991071399936_n.jpg 1 0 0.753 0.986

24331780_1512949168774360_9017462212238770176_n.jpg 1 0 0.75 0.857
24327990_1742124089429364_3297687735388602368_n.jpg 1 1 0.753 0.914
24331799_1966313407028371_3646876998984269824_n.jpg 1 0 0.741 0.963
24331598_197988294105163_4491869818282049536_n.jpg 1 0 0.754 0.92
24845761_1676160545739947_6636165930533519360_n.jpg 1 0 0.748 0.831
24327315_147206689256990_8408894938720239616_n.jpg 1 1 0.748 0.928
24327339_1984265491789882_6056614871951212544_n.jpg 1 0 0.746 0.961
24331766_1902979839977137_866101995147100160_n.jpg 0 0 0.756 0.743
24327389_1089278897876248_7473384249140183040_n.jpg 1 0 0.757 0.526
24332253_320108261837491_7317471133794566144_n.jpg 1 0 0.758 0.932

24328057_263016067559739_1198581392124936192_n.jpg 1 0 0.754 0.96
24839034_134325223943659_5424642397491429376_n.jpg 1 0 0.758 0.986
24327545_919367001562207_3068275265613332480_n.jpg 1 1 0.761 0.742
24174806_134532677211822_7186498451155189760_n.jpg 1 0 0.756 0.815
24838362_1521428631306257_7017617420793675776_n.jpg 0 1 0.745 0.6
24332280_515378902168911_2144449287965114368_n.jpg 0 0 0.739 0.864
24327364_289050094950466_2042343608803131392_n.jpg 1 0 0.761 0.958
24839075_195244937716165_5563513606592528384_n.jpg 1 0 0.752 0.99
24331780_156970111587808_1011108380346941440_n.jpg 0 0 0.745 0.974

24327794_291569638031305_3972452467962019840_n.jpg 1 0 0.751 0.994
24327100_717248895138586_8519677950763728896_n.jpg 1 1 0.748 0.549
24838354_382214375546280_4807206158240579584_n.jpg 1 0 0.749 0.946

24327776_528486480851456_4035013356732547072_n.jpg 1 0 0.755 0.999
24327894_393786544390169_3835379720581545984_n.jpg 1 0 0.756 0.904
24327783_2051388595133408_954122792918319104_n.jpg 1 0 0.751 0.957
24327086_112083499578953_1894889238273458176_n.jpg 1 0 0.75 0.948
24331677_134739540567243_3304738031579168768_n.jpg 1 0 0.754 0.985
24838671_567514390256651_3136590302458937344_n.jpg 1 0 0.758 0.975
24327269_306652256489197_7973692912003186688_n.jpg 1 0 0.744 0.912
24327207_376500242775299_6123853585697472512_n.jpg 1 0 0.758 0.891
24332173_145229546190725_4504298921060728832_n.jpg 0 0 0.692 0.873
24838448_394734074279486_6019952369687592960_n.jpg 0 0 0.733 0.991
24327073_1907652356217945_3453341134061830144_n.jpg 1 0 0.758 0.99
24331632_175131093072337_2501487939301670912_n.jpg 1 0 0.752 0.974
24177862_144204412845976_7666559444183941120_n.jpg 1 0 0.743 0.611
24331955_1553866074704903_7423079788283166720_n.jpg 0 0 0.758 0.913
24327357_576990932692779_2770365819882831872_n.jpg 1 0 0.758 0.984
24327387_533428990349759_5095530173269278720_n.jpg 1 0 0.749 0.941

24327601_163293267610373_395128693355184128_n.jpg 1 0 0.759 0.991
24327294_1883749411938295_2512738451514720256_n.jpg 1 0 0.752 0.754
24331684_1527994737286121_2393017938945769472_n.jpg 0 0 0.752 0.986
24331811_812035929003342_7902120443111276544_n.jpg 1 0 0.746 0.883
24331748_147520546017257_5732720856900042752_n.jpg 0 1 0.743 0.961
24838430_196767654231054_4798597695159664640_n.jpg 1 0 0.756 0.981
24177839_136612460333900_3138450736262676480_n.jpg 1 0 0.754 0.995
24327245_545910259076585_6562397212934930432_n.jpg 1 0 0.752 0.72
24327758_163211800959623_5442328346966884352_n.jpg 0 0 0.75 0.611
24328016_391421501287306_2023344752249798656_n.jpg 0 0 0.74 0.863
24332381_1913209759007265_5817567824163373056_n.jpg 0 0 0.748 0.962
24332064_2016676615270865_255999318064889856_n.jpg 1 0 0.751 0.866
24274633_129955054366471_1537348367821045760_n.jpg 1 0 0.752 0.994
24327753_309282759576051_7878260310644097024_n.jpg 0 0 0.757 0.972

24838568_653195011736760_4874652679684489216_n.jpg 1 0 0.759 0.922
24327422_2005686529711147_4542936266466918400_n.jpg 1 0 0.748 0.927
24274899_384201668685440_4345250548308508672_n.jpg 0 0 0.748 0.696
24332425_2022755514658958_4322331237017452544_n.jpg 1 0 0.757 0.983
24332255_1990569211214193_8556524715714281472_n.jpg 1 0 0.751 0.608
24332510_2020322561546684_8369645904071753728_n.jpg 0 0 0.746 0.988

24328021_1742642365755053_2878434412595249152_n.jpg 0 0 0.744 0.622
24327550_198118560757707_6384853564249866240_n.jpg 1 0 0.75 0.956
24327300_296708547489456_1415227733037809664_n.jpg 1 0 0.75 0.987
24845613_547304382284555_3370834000556851200_n.jpg 0 1 0.753 0.882
24838578_1843506959273651_5097373371369259008_n.jpg 1 0 0.754 0.853
24331656_1978863995728290_8533747855603531776_n.jpg 1 0 0.752 0.943
24327322_836066156592397_1537181753154732032_n.jpg 1 0 0.756 0.552
24178083_1975242699392803_856752426869325824_n.jpg 1 0 0.765 0.983
24177997_197756287467368_213943311835070464_n.jpg 1 0 0.747 0.97
24327552_1300823803354887_2050315368752218112_n.jpg 1 0 0.758 0.991
24332521_133416804015095_3440117234700124160_n.jpg 1 0 0.758 0.896
24838669_164759017458392_4851736353395703808_n.jpg 1 0 0.749 0.616

24838744_1532294220211411_1394785952156614656_n.jpg 1 0 0.754 0.729
24327499_802382463279723_7986710124653707264_n.jpg 1 0 0.753 0.909


24327424_979902192148284_3994096010757406720_n.jpg 1 0 0.755 0.981

24845198_293648444373644_1934627276423430144_n.jpg 0 0 0.743 0.907
24327437_1946151892378924_3884576655401811968_n.jpg 0 0 0.749 0.94
24332466_131647717510548_8205930044330082304_n.jpg 0 1 0.753 0.91
24175115_1386356428157315_1569546835696025600_n.jpg 1 0 0.75 0.949
24332214_134222600628084_3028784175197978624_n.jpg 1 0 0.742 1.0
24327533_149925932306396_6618437035680071680_n.jpg 1 0 0.76 0.97
24838189_1904790366502221_5383766326152003584_n.jpg 1 0 0.755 0.884
24838951_536899419993499_5835228291597860864_n.jpg 1 0 0.754 0.988
20225792_127868574660069_5540181810937331712_n.jpg 0 0 0.761 0.941
24327432_214694942406148_3291562557973725184_n.jpg 1 0 0.757 0.976
24332000_672222319637813_2800785071785639936_n.jpg 1 0 0.735 0.719
24331753_304251663403460_1089038779521433600_n.jpg 1 0 0.739 0.639
24327608_181728059078361_6717869119175131136_n.jpg 0 1 0.754 0.616
24839053_524979604532940_890337512050917376_n.jpg 1 1 0.755 0.922
24327876_146882115958957_7209801522069110784_n.jpg 1 0 0.762 0.986
24327434_169766843766905_3968273692416278528_n.jpg 1 1 0.75 0.612
24838357_1497235627060477_5690177045464612864_n.jpg 1 0 0.751 0.993
24838671_1978278852386620_2408436244473184256_n.jpg 1 0 0.749 0.629
24838448_133633047306230_6292000034917449728_n.jpg 0 0 0.743 0.986
24845080_1090010404469333_5449164221210165248_n.jpg 1 0 0.758 0.992
24327771_611888818935131_2830666314610114560_n.jpg 1 0 0.747 0.694
24332441_890548064448014_3374702666578919424_n.jpg 1 0 0.755 0.521
24327898_1775890819378796_3279235671121723392_n.jpg 1 0 0.756 0.997

24177420_766572320195667_4220572123061551104_n.jpg 1 0 0.746 0.692

24274719_172051336725010_4484830590222204928_n.jpg 0 0 0.755 0.716
24327121_1982144585381236_6542948931003744256_n.jpg 1 0 0.741 0.984
24331653_184812248739715_7561605969776476160_n.jpg 1 1 0.748 0.772
24838586_804742246374819_6121601644149866496_n.jpg 1 1 0.761 0.612
24838280_295424397629548_507350180140417024_n.jpg 1 0 0.759 0.994
24332019_172785306651411_7623170121191653376_n.jpg 0 0 0.717 0.966
24331925_193320097910152_4076950912059310080_n.jpg 0 0 0.75 0.981
24328008_381718078952174_3026590885723766784_n.jpg 1 0 0.76 0.967
24327917_384436148636608_7416323143301595136_n.jpg 0 0 0.682 0.999
24845654_1974434666213891_4507132869331648512_n.jpg 1 0 0.762 0.778

24839118_1887986344863599_1663168811987107840_n.jpg 1 0 0.75 0.744
24845094_311802635981661_8535688953188057088_n.jpg 1 0 0.753 0.955
24327802_1969329353291081_2266329954335588352_n.jpg 1 0 0.754 0.67
24175019_1764362547200018_8197087887783624704_n.jpg 1 0 0.749 0.963
24327306_137993523586988_5613494235505360896_n.jpg 1 0 0.755 0.938

24327883_1967480313467776_1611367211430051840_n.jpg 1 1 0.744 0.892
24332025_782271421980056_5114703435559600128_n.jpg 1 0 0.757 0.946
24175691_218516612022651_5638603971527442432_n.jpg 1 1 0.757 0.895

24331823_339761779824551_1171436627583565824_n.jpg 1 0 0.758 0.728
24332421_1960809557470721_8384562561713963008_n.jpg 1 1 0.754 0.731
24845488_390671674698017_9182760522615881728_n.jpg 1 1 0.758 0.894
24839036_143479383041084_4656436068663427072_n.jpg 1 0 0.754 0.894
24327112_172444166675196_6337489102996242432_n.jpg 1 1 0.757 0.612
24274888_148058289172054_5015173070327906304_n.jpg 1 0 0.754 0.853
24332457_544869585846818_3356508596702543872_n.jpg 1 0 0.753 0.803
24327124_2024997037779302_1983677164448382976_n.jpg 1 0 0.755 0.978
24328008_134805627231314_2933914583921852416_n.jpg 1 0 0.745 0.979
24327558_141806519925987_6566336694377775104_n.jpg 1 0 0.759 0.956
24331750_164643407602296_4073706575368290304_n.jpg 0 0 0.704 0.97
24838887_535779433450458_7738440880138223616_n.jpg 1 0 0.759 0.865

24327308_815882071932854_2675390804339458048_n.jpg 0 0 0.763 0.982
24331913_522720958104153_7960722694884818944_n.jpg 1 0 0.752 0.568
24327150_2010450645893860_963572339444809728_n.jpg 1 1 0.756 0.835
24838605_801412013364543_7812873488011624448_n.jpg 1 0 0.759 0.972

24845179_2198579076834355_3333829567356862464_n.jpg 1 0 0.751 0.957
24332404_487113885005895_5735104452080173056_n.jpg 1 0 0.754 0.97
24177518_157959478289446_6156690315777409024_n.jpg 1 1 0.753 0.673
24331670_168450807091979_1118682081157709824_n.jpg 1 0 0.739 0.957
24327898_196044640962904_2089613219998990336_n.jpg 1 0 0.754 0.989

24331754_2064331090453427_5287856532451491840_n.jpg 1 0 0.752 0.986
24845604_303508750168874_2031405057244659712_n.jpg 1 0 0.757 0.977
24845485_390036868097867_7537712362334191616_n.jpg 0 0 0.75 0.69
24327984_531629257197837_62997270332702720_n.jpg 1 1 0.739 0.63
24327699_382939935490274_1014417042763153408_n.jpg 0 0 0.76 0.895
24327751_136612370337921_6241498971932459008_n.jpg 1 0 0.753 1.0
24332248_306559526502320_2986543493964365824_n.jpg 1 0 0.758 0.984
24332249_305251303298117_2072363016430551040_n.jpg 1 0 0.755 0.967
24274899_2018844105001219_3580951488668631040_n.jpg 1 0 0.737 0.927
24327877_387719544990210_4466730335316475904_n.jpg 1 0 0.75 0.811
24327572_1762607120701810_8723849447496220672_n.jpg 0 0 0.753 0.994
24838546_2028048804074901_2135592056083447808_n.jpg 1 0 0.745 0.986
24328029_165346977545320_1706895762358534144_n.jpg 0 0 0.754 0.989
24331641_185317028713995_6667648672173391872_n.jpg 0 0 0.74 0.971
24274907_1241326525968316_1619449575376945152_n.jpg 1 1 0.75 0.847
24327321_2051015331800572_4173255971600072704_n.jpg 1 0 0.754 0.968
24838357_378074079272876_8085962399342919680_n.jpg 1 0 0.749 0.846
24327103_561327897539454_1480087915370381312_n.jpg 1 0 0.756 0.864
24327649_268124590380897_1429190207860637696_n.jpg 1 0 0.744 0.968
24839027_169572783636860_6409702436843290624_n.jpg 0 0 0.721 0.982
24332109_379008082512994_6154903218540249088_n.jpg 1 0 0.755 0.991
24838218_135176640478161_2831339563618664448_n.jpg 0 0 0.747 0.948
24327835_1914409962206654_6324224169516990464_n.jpg 0 0 0.742 0.897
24327547_382990772142419_798220840192704512_n.jpg 1 1 0.749 0.731
24327608_430402504024778_6968099707750973440_n.jpg 0 0 0.747 0.57
24327641_1541150592637722_7855907999460622336_n.jpg 1 0 0.761 0.948
24332201_214515782424779_6325055219918962688_n.jpg 0 1 0.748 0.555
24178211_1993441394256822_662421116823797760_n.jpg 1 0 0.755 0.954
24332050_416520602117490_2239899889532141568_n.jpg 1 0 0.75 0.964
24175302_394116754353450_3533515803972337664_n.jpg 1 0 0.752 0.994
24327191_130834247598325_1171339831905615872_n.jpg 0 0 0.74 0.992
24332381_1620089004700850_6738838841731317760_n.jpg 1 0 0.754 0.983
24177564_951930994976171_6126064020681129984_n.jpg 1 0 0.757 0.985

24838691_135757780471020_8628026618293518336_n.jpg 1 1 0.749 0.642
24327876_191632064733193_7731882533796708352_n.jpg 1 1 0.76 0.998
24332073_1496391220444556_5543056131900833792_n.jpg 1 0 0.751 0.956
24327389_553726928310355_818878816842678272_n.jpg 1 0 0.752 0.683
24845552_1777706758937384_7360638303898435584_n.jpg 0 0 0.738 0.979
24327926_192824551294495_1025134188757516288_n.jpg 1 0 0.758 0.846
24327235_137739203509164_9186110004401274880_n.jpg 1 0 0.744 0.701

24332558_316345322104782_6533503125393768448_n.jpg 0 0 0.757 0.943
24327811_1541880289264977_3242599174885081088_n.jpg 0 0 0.726 0.96
24327502_1982406735417613_1871919886318436352_n.jpg 1 0 0.762 0.987
24845355_1954676224548858_1372975451097530368_n.jpg 1 0 0.752 0.984
24331776_1351513838290745_996230312985886720_n.jpg 1 0 0.751 0.639
24327479_1870108019968109_9100668824117575680_n.jpg 1 0 0.753 0.931
24838301_763042050548236_3741985961672704000_n.jpg 0 0 0.743 0.689
24332421_192270817997487_7700796591300411392_n.jpg 1 0 0.745 0.849
24327497_2110882712477028_4408425591632560128_n.jpg 1 0 0.754 0.991
24845166_1571208979661216_2132790740974043136_n.jpg 1 0 0.756 0.853
24327282_157115375044120_7925645641143812096_n.jpg 1 1 0.756 0.965
24178113_873634052817659_5079642281787523072_n.jpg 1 0 0.755 0.993
24331653_374498992994989_7235646079750897664_n.jpg 0 0 0.757 0.984
24838816_152189215548794_9038500224774963200_n.jpg 1 1 0.752 0.862
24331899_189447908273775_6302424556200001536_n.jpg 0 1 0.73 0.597
24327979_186750258544322_924268440884084736_n.jpg 1 0 0.748 0.885
24838240_172198146708881_1215771728144236544_n.jpg 1 0 0.756 0.947

24178013_680985692110555_6857079931340324864_n.jpg 1 0 0.748 0.984
24331888_1971923216405264_3633550965300264960_n.jpg 1 1 0.75 0.832
24274645_564347650573786_60161578305060864_n.jpg 0 0 0.763 0.624
24845745_1443115549130192_7849673759941197824_n.jpg 0 0 0.726 0.985
24327174_170123570250462_4564600081507942400_n.jpg 0 0 0.744 0.551
24845845_338951423245473_4193859548194275328_n.jpg 1 0 0.751 0.99
24838198_668049449986185_1431921493528281088_n.jpg 1 0 0.744 0.963
24838899_163046334308900_2267778870142828544_n.jpg 1 1 0.752 1.0
24331880_231802730691724_4570665644776751104_n.jpg 1 0 0.75 0.982
24839028_150508378918990_1908795049592750080_n.jpg 0 1 0.741 0.579
24327418_199863200582526_7343113909617819648_n.jpg 1 0 0.749 0.749
24327927_512194442500146_3010102987310759936_n.jpg 1 0 0.754 0.943
24327922_748713788652232_951414236217606144_n.jpg 0 0 0.739 0.879
24327656_184216055463572_8312039749703434240_n.jpg 1 1 0.756 0.509
24328059_151396338827514_1875975288928600064_n.jpg 1 0 0.744 0.634
24331893_383796762033665_7505164086552821760_n.jpg 0 0 0.71 0.956
24327144_955754754575875_2626104203486953472_n.jpg 1 1 0.755 0.636
24331884_309214082907479_6580358328080138240_n.jpg 1 0 0.761 0.847
24125742_297498650761233_4823620458094002176_n.jpg 1 0 0.751 0.873
24327202_1536501459796306_3373309254634045440_n.jpg 1 0 0.759 0.506
24327510_393235371107495_2324210784747388928_n.jpg 0 0 0.755 0.91
24838261_920209634799541_1229186869514731520_n.jpg 0 1 0.759 0.888
24327843_1315196861959076_8554041936854384640_n.jpg 1 0 0.758 0.914
24328011_1861334237491465_6858392666619510784_n.jpg 1 0 0.751 0.934

24327546_136857240309843_8004398161483268096_n.jpg 0 0 0.742 0.98
24332060_1757759044296427_8112919770166198272_n.jpg 0 0 0.744 0.924
24838532_618609781862240_7996577829196136448_n.jpg 1 0 0.738 0.981
24845596_1654015904664254_3271584895553503232_n.jpg 1 0 0.759 0.987
24327989_375519712892901_8663216483645521920_n.jpg 0 0 0.748 0.984
24175127_158216724931938_904513498287964160_n.jpg 1 0 0.757 0.967
24327661_149731682330516_8704506203285225472_n.jpg 1 1 0.76 0.99
24839118_551106058576485_5684929956933533696_n.jpg 1 0 0.753 0.983
24327479_131458304189048_7220522520649138176_n.jpg 1 0 0.767 0.932
24327983_138986910154582_9000543666044928000_n.jpg 1 0 0.752 0.924
24331612_157740344956567_3496482396922970112_n.jpg 1 0 0.753 0.703
24327856_294865631022514_6577442629401706496_n.jpg 1 0 0.748 0.986
24845564_1940539132932337_565616556881477632_n.jpg 1 0 0.748 0.959
24332487_116051899109907_9218113205883109376_n.jpg 1 0 0.752 0.851

24328025_134902747218755_9150604291449290752_n.jpg 1 0 0.756 0.912
24327361_330025997477097_385973579721736192_n.jpg 0 0 0.708 0.963
24838613_302838790230762_4495591944314945536_n.jpg 1 0 0.76 0.708

24838936_385644825200187_7763208732468576256_n.jpg 1 0 0.752 0.926
24327386_411206652629968_3820263578888306688_n.jpg 1 0 0.748 0.761
24327403_239844906548558_1703586584546246656_n.jpg 1 0 0.759 0.986
24838391_1652465874815473_7587533892773478400_n.jpg 1 1 0.755 0.783
24331916_299236027251010_2243281794025652224_n.jpg 0 0 0.737 0.803
24327832_190390124851312_852178557282025472_n.jpg 1 0 0.749 0.806
24838193_554019724938179_4426495992220614656_n.jpg 0 0 0.738 0.941
24327500_358451801284035_141462264086528000_n.jpg 1 0 0.759 0.985
24838418_1401347796660723_4926108857496764416_n.jpg 0 0 0.714 0.97
24331686_202581966968747_1995492533580333056_n.jpg 1 0 0.753 0.931
24327739_721663878024282_8386283293116465152_n.jpg 1 0 0.753 0.554

24327507_523937841317051_3786268685107200000_n.jpg 1 0 0.753 0.969
24332442_300549913789528_9100611121231953920_n.jpg 0 0 0.749 0.786
24327081_150782918979960_3616658236154839040_n.jpg 1 0 0.756 0.96
24332406_131802540836637_541503077178408960_n.jpg 1 0 0.757 0.804
24331880_734055846793491_3812441193606807552_n.jpg 1 0 0.751 0.999
24327178_202289716983245_8455727399554777088_n.jpg 0 0 0.733 0.909
24332150_130623857632685_7909334472045101056_n.jpg 0 1 0.733 0.809
24177818_135490253822548_3212743942382551040_n.jpg 1 0 0.741 0.959
24331598_528131720907499_8840710525458317312_n.jpg 0 0 0.745 1.0
24274856_275404076316002_6364078133129248768_n.jpg 1 0 0.752 0.749
24332473_1773759549596272_6624890954186752000_n.jpg 1 0 0.747 0.991
24331601_372547246524046_7791392703001919488_n.jpg 1 0 0.739 0.953
24327233_136893743621568_4564843709232840704_n.jpg 1 0 0.751 0.96
24331598_195181944378138_6664344656911794176_n.jpg 0 0 0.685 0.975

24838494_201328080438918_3325421979896381440_n.jpg 0 0 0.742 0.903
24327245_497168974001806_4192598292393099264_n.jpg 1 0 0.755 0.935
18949801_671676459886548_8759917934307966976_n.jpg 1 1 0.756 0.542
24327337_173658106706212_8677589647536160768_n.jpg 1 0 0.75 0.699
24332487_1995918520675977_7940189182092115968_n.jpg 0 0 0.75 0.989
24177774_291602844665670_5495257174575677440_n.jpg 1 1 0.754 0.518
24331756_1608751569183871_4429209634162606080_n.jpg 1 0 0.751 0.938
24327544_193391714543417_1546625866547593216_n.jpg 1 1 0.756 0.9

24332242_404836633297881_1867668096328663040_n.jpg 1 0 0.758 0.997
24845967_465111483889327_2034241118639489024_n.jpg 1 0 0.76 0.96
24327508_138153823514913_3351913535746605056_n.jpg 1 0 0.747 0.882
24845146_867206440121821_8775080616266825728_n.jpg 1 0 0.756 0.817

24327656_1627150814008319_7013546491876737024_n.jpg 0 0 0.736 0.931
24838502_161558584451845_7153897385930784768_n.jpg 1 0 0.751 0.979
24839099_2009667809246579_9839074290434048_n.jpg 1 0 0.748 0.757
24327950_157289944888116_199644880375382016_n.jpg 1 0 0.754 0.939
24327202_108965803224955_7623862001768333312_n.jpg 1 0 0.743 0.985
24327265_306887746479441_3657971560934801408_n.jpg 0 0 0.763 0.916
24178136_129843321045056_4121465928800010240_n.jpg 1 1 0.756 0.551

24327296_383803595403492_5765385496230363136_n.jpg 1 0 0.763 0.885
24839041_178179972766595_5108376596545273856_n.jpg 0 1 0.741 1.0
24175127_355268834938441_8147565828234018816_n.jpg 1 0 0.756 0.885
24328001_132460507420999_520007732229570560_n.jpg 0 1 0.751 0.602
24838748_1934843863420876_7772342160812146688_n.jpg 1 0 0.757 0.983
24331568_910917509082262_9125891187067060224_n.jpg 1 0 0.757 0.981
24327612_134448897242744_2452609214313398272_n.jpg 0 0 0.753 0.84
24331628_132303404119014_1478681996480741376_n.jpg 1 0 0.755 0.984
24178136_169378047137340_8149505482709532672_n.jpg 1 0 0.754 0.903
24839091_370430566736758_2021972583213170688_n.jpg 0 0 0.754 0.953
24327837_799293793610606_7924785522403180544_n.jpg 1 0 0.747 0.719
24327373_449065688824879_8797064457911009280_n.jpg 1 0 0.754 0.982
24331919_135383250503584_5158618063116959744_n.jpg 1 0 0.753 0.909
24332554_1505284852858190_5300620097218412544_n.jpg 1 0 0.755 0.991
24838459_177483372841892_992104369832853504_n.jpg 0 0 0.744 0.997
24838346_347825512352808_8546134476860686336_n.jpg 1 0 0.761 0.897
24838949_1576515535768863_2311717059890774016_n.jpg 1 0 0.758 0.983
24177818_228125444393071_2306024480171884544_n.jpg 1 0 0.753 0.877
24332008_1997708117175930_3530750128501555200_n.jpg 1 1 0.756 0.563

24838910_308728179623740_4584632740984389632_n.jpg 1 1 0.746 0.72
24838451_1872368446410483_4391405048555372544_n.jpg 0 0 0.752 0.978
24126599_440101533058498_5574116338953093120_n.jpg 0 0 0.717 0.612
24327892_383055745483537_6267528767258755072_n.jpg 1 0 0.733 0.603

24327578_526956414334533_477924869569249280_n.jpg 1 0 0.753 0.685
24327251_1962548163760739_8712690048719388672_n.jpg 1 0 0.744 0.924
24331997_2055844404651714_8835699788977537024_n.jpg 1 0 0.757 0.999
24332195_739588032899033_4832538360683692032_n.jpg 1 1 0.763 0.639
24327145_397440097351305_8165250124147064832_n.jpg 1 0 0.749 0.979
24331795_308397366325696_1285278463795658752_n.jpg 0 0 0.75 0.978
24331791_875724302602137_2695031689784066048_n.jpg 1 0 0.743 0.983

24327313_1870015769977674_8650984373836840960_n.jpg 1 0 0.753 0.98
24327167_1181091708691809_4360285759932989440_n.jpg 0 0 0.739 0.98
24327236_376835912740326_8763189664300400640_n.jpg 1 0 0.758 0.988
24327313_172939239959748_8782864325367824384_n.jpg 1 0 0.754 0.751
24177912_225039381369275_3159223483028733952_n.jpg 1 0 0.74 0.866
24331910_135752913798840_4282651408559243264_n.jpg 1 0 0.754 0.973
24332160_472003339859895_4412413709285064704_n.jpg 1 0 0.759 0.99
24327691_252132021984155_8220230524489170944_n.jpg 1 0 0.748 0.99
24838501_182392635674369_6250057338514833408_n.jpg 1 0 0.753 0.682
24332081_521225168242472_4470614209817739264_n.jpg 1 0 0.757 0.727

24839140_300133980494659_7114107108093591552_n.jpg 0 0 0.74 0.991
24327361_2006955239582206_9182459621502091264_n.jpg 1 0 0.746 0.967

24125308_322453701493810_8920819327750373376_n.jpg 1 1 0.74 0.661
24838364_198439197385193_4538145449491562496_n.jpg 1 0 0.748 0.776
24328028_338184896647547_2234454059979374592_n.jpg 1 0 0.751 0.982
24838522_1175345235928752_3856260507249934336_n.jpg 0 0 0.728 0.639
24327600_228466577693316_3122486798089977856_n.jpg 1 1 0.748 0.811
24838691_1365149023594963_2806727459687366656_n.jpg 1 1 0.751 0.997
24327367_528851934118403_8524762831264940032_n.jpg 1 0 0.747 0.993
24327211_115935362526481_2968267656500609024_n.jpg 1 0 0.743 1.0
24838364_1767657946863482_2237872561889214464_n.jpg 1 0 0.755 0.97

24332365_124251081691766_4648581282148646912_n.jpg 1 0 0.753 0.942
24845093_151672665456349_9135020754235031552_n.jpg 1 0 0.744 0.941
24332382_197917700755898_5172476170234494976_n.jpg 1 0 0.743 0.863
24327688_107298220058910_6002305929616293888_n.jpg 1 0 0.756 0.943
24838430_516444185379916_7555560223486771200_n.jpg 1 0 0.741 0.994



24838672_130677234269724_6795467938284437504_n.jpg 1 0 0.745 0.991

24327819_381557845635172_4608598984913584128_n.jpg 1 0 0.757 0.542
24838841_134514097237725_1468149070223638528_n.jpg 0 0 0.739 0.987

24838491_539685749718701_8246977828462002176_n.jpg 1 0 0.76 0.978
24845391_132219284132364_9214283765797355520_n.jpg 0 0 0.676 0.994
24274719_861857317316244_7024896320913539072_n.jpg 0 0 0.739 0.869
24839007_1643858768970909_3085217262328610816_n.jpg 1 0 0.752 0.989
24845137_308274183018289_3515269009077436416_n.jpg 1 0 0.749 0.927
24331871_1644781072252021_8494620604752723968_n.jpg 1 0 0.755 0.828
24328001_167664920634055_4220418066879610880_n.jpg 1 0 0.736 0.863
24327964_795496730656568_5590766965087010816_n.jpg 0 0 0.749 0.937
24327070_150795218879075_7467132541988765696_n.jpg 1 0 0.751 0.979
24845225_124880661628657_9019092148032634880_n.jpg 0 0 0.758 0.951
24331616_1566303890075687_6908461084663873536_n.jpg 1 0 0.758 0.991
24327371_1745549742421593_8890750785697087488_n.jpg 1 0 0.752 0.973
24327454_131072014240795_4570047710652006400_n.jpg 1 0 0.756 0.945
24327144_925888314232846_5875944375405510656_n.jpg 1 0 0.748 0.932
24838845_1862589100722329_2760217744170287104_n.jpg 0 0 0.745 0.62
24327206_153582252037564_6353421821051666432_n.jpg 1 0 0.76 0.75
24331720_151146155524284_3304014986719789056_n.jpg 1 0 0.76 0.809
24838948_1679380922084945_3213041373162766336_n.jpg 1 0 0.758 0.989
24331674_173711520035310_2999602475171840000_n.jpg 1 1 0.756 0.674
24327441_202780293623007_816925714824560640_n.jpg 1 0 0.754 0.915
24254548_169408416991131_6033567630764277760_n.jpg 1 0 0.747 0.991
24846066_1728186490824476_366895609870811136_n.jpg 1 0 0.755 0.95
24327319_132731004067872_5924905387672207360_n.jpg 1 0 0.742 0.989
24175522_148457789255683_3399301894198263808_n.jpg 0 1 0.709 0.509
24327959_371708209955384_3237899887957770240_n.jpg 1 0 0.747 0.647

24327234_310896699397154_674646036857225216_n.jpg 1 0 0.751 0.726
24838465_168966640514371_4852894044650471424_n.jpg 0 0 0.732 0.62
24327495_560480487624836_1550574985897050112_n.jpg 1 0 0.758 0.908
24274887_1958430697751624_6057366409623633920_n.jpg 0 0 0.7 0.968
24845200_1565012276920927_5180088183722868736_n.jpg 1 0 0.737 0.811
24327082_340409269703230_1163526195472498688_n.jpg 1 0 0.749 0.941
24838467_205271426685313_4384896425050243072_n.jpg 1 1 0.744 0.996
24332263_1982806521958681_994111274906288128_n.jpg 1 0 0.723 0.991

24327559_1477875628956421_4980095213428015104_n.jpg 1 0 0.751 0.515
24845275_1974995546086790_1860259574095806464_n.jpg 0 0 0.729 0.995
24327172_1514531441999424_6603512926269603840_n.jpg 1 0 0.751 0.99
24331698_2070778876476493_4704615018925129728_n.jpg 1 0 0.757 0.785
24327944_387149585055215_2302817513991307264_n.jpg 1 0 0.742 0.599
24327408_135883110380353_5324962623232409600_n.jpg 1 0 0.751 0.935
24175691_719098144952454_4421295869156917248_n.jpg 1 0 0.755 0.976
24838255_196745250883861_2758537278086184960_n.jpg 1 0 0.76 0.958
24327068_501867490192656_8895438033831067648_n.jpg 1 0 0.756 0.981

24332032_135429747121503_2541500013544996864_n.jpg 0 0 0.75 0.893
24177879_368488850261513_4072301820414787584_n.jpg 1 1 0.752 0.561
24331645_898697443625408_8497484484650729472_n.jpg 1 0 0.757 0.902
24838197_452284595169047_4605029235730415616_n.jpg 1 0 0.74 1.0
24327206_381550375626252_4569435888265723904_n.jpg 0 0 0.723 0.955
24332389_767849683404526_1779518191840526336_n.jpg 1 0 0.761 0.97
24838459_376673702772954_6463107198368088064_n.jpg 1 0 0.755 0.977
24839105_129753624386686_7350288364722978816_n.jpg 1 1 0.75 0.846
24838245_1484019338363030_1892438499869589504_n.jpg 1 0 0.754 0.745
24177996_388507331600706_5585424390843006976_n.jpg 0 1 0.716 0.785
24838234_799915900215737_5359658532985634816_n.jpg 0 0 0.754 0.931
24845128_209215956289526_7353861395261161472_n.jpg 1 0 0.757 0.852
24331594_650742565096198_1926436228329111552_n.jpg 1 0 0.756 0.706
24327734_342069409602082_2977056911934881792_n.jpg 1 1 0.756 0.622
24331814_185297705382290_7728786751434522624_n.jpg 1 0 0.755 0.982
24327880_2046454772240866_5546261637792530432_n.jpg 1 0 0.753 0.987
24332064_549410445407082_6779993291376033792_n.jpg 1 0 0.752 0.914
24327673_202944183584673_807963088740417536_n.jpg 1 1 0.751 0.696
24327698_332062827274165_6444698650709852160_n.jpg 1 0 0.748 0.987

24328047_344641602668381_3009537017995329536_n.jpg 1 0 0.754 0.876
24845309_190025461556008_7234926556764700672_n.jpg 1 0 0.758 0.979
24838562_136680153699353_4645782462415241216_n.jpg 1 0 0.746 0.865
24327176_150863442213468_374999027747389440_n.jpg 1 1 0.749 0.739
24845292_1976965769253340_6011495974218760192_n.jpg 1 0 0.741 0.968
24175077_153753331922686_6530756236109938688_n.jpg 1 0 0.752 0.892
24332057_940339722780537_6636313466955104256_n.jpg 1 1 0.747 0.784
24327372_328616894286877_5491941318089244672_n.jpg 1 0 0.746 0.991
24327881_1926062330978740_5596839834095190016_n.jpg 1 0 0.754 0.911

24327956_186547085260994_4803776592494985216_n.jpg 1 0 0.755 0.985
24327172_742518602599828_95442668762431488_n.jpg 1 0 0.762 0.998
24331727_148312939271748_7162275514210582528_n.jpg 1 0 0.748 0.987

24331861_135091497208093_3401012961924349952_n.jpg 1 0 0.739 0.915
24327562_2084223181798511_6295937837028081664_n.jpg 1 0 0.743 1.0
24838491_483821515325051_5554153416860631040_n.jpg 1 1 0.753 0.693

24175449_144421989543223_4669489706931585024_n.jpg 1 0 0.745 0.991
24332554_1553120581402222_1057415442127126528_n.jpg 1 1 0.758 0.607
24331687_159874778077428_4929389834553786368_n.jpg 0 0 0.716 0.994
24332349_394853824280214_8351792485231493120_n.jpg 1 0 0.75 0.814
24327636_1983459451925204_206492746167353344_n.jpg 0 0 0.752 0.957
24327580_825049204346280_475505179483963392_n.jpg 1 0 0.751 0.622
24845153_1348223101967288_8069534540277743616_n.jpg 0 0 0.746 0.955
24331746_1485556518227493_347482443592237056_n.jpg 1 0 0.757 0.978
24332393_139156643408931_1779121753474203648_n.jpg 1 0 0.753 0.992
24838737_296099934215910_2071083434003922944_n.jpg 0 0 0.729 0.7
22794325_519107191782366_2143893441887600640_n.jpg 1 0 0.751 0.931
24327272_157698708316550_5025933101570719744_n.jpg 1 0 0.752 0.747
24327948_840077809508261_1556926276160192512_n.jpg 1 1 0.764 0.541
24845326_388085564979754_2515827310389624832_n.jpg 1 0 0.749 0.685
24331569_937074416445540_6883489302991339520_n.jpg 1 0 0.751 0.871
24327863_529637507396292_7536449478740410368_n.jpg 1 0 0.759 0.988


24327251_1664630950256667_893886658275966976_n.jpg 1 0 0.759 0.593
24332008_131941344164351_6529479608620810240_n.jpg 1 0 0.763 0.941
24327283_223631141509029_8474935193382158336_n.jpg 1 0 0.737 0.918
24845450_2087308944835806_5901318093002506240_n.jpg 1 0 0.751 0.882
24331581_410367322714363_4285545988883480576_n.jpg 1 0 0.761 0.922
24327455_298416017329681_3313877601725972480_n.jpg 1 0 0.758 0.995
24327489_1980713415549372_284466155144347648_n.jpg 0 0 0.747 0.5
24845864_213414369201142_7316962047026003968_n.jpg 1 0 0.754 0.733
24331861_1388634121264639_6848489030380683264_n.jpg 0 0 0.731 0.908
24332094_192859184622296_1950567072584957952_n.jpg 1 0 0.756 0.929
24327909_532871833731882_2050823630887059456_n.jpg 1 0 0.755 0.972
24332038_1969529079974973_1548447156019396608_n.jpg 0 0 0.731 0.991
24175558_191493174744632_5056299933397680128_n.jpg 0 0 0.72 0.985
24327276_151128882189595_8507760567568564224_n.jpg 0 0 0.751 0.967
24327345_1218975614912500_8202415902088495104_n.jpg 1 0 0.747 0.957
24332194_1743202622653858_1996906097511759872_n.jpg 0 0 0.746 0.757
24845608_171745796755044_7691180945503682560_n.jpg 0 0 0.685 0.957
24838413_810071652529091_5509855484946939904_n.jpg 0 0 0.745 0.985
24838618_1957273117845235_8119081931544461312_n.jpg 0 0 0.744 0.931

24331980_156917258396359_7238475045859753984_n.jpg 1 0 0.76 0.893

24327486_151465205485392_685674220088197120_n.jpg 0 1 0.755 0.981

24327423_1927192130876985_3600495110283853824_n.jpg 1 1 0.755 0.542
24839017_1474103569325647_3033319609122947072_n.jpg 1 0 0.752 0.941

24327213_358099457934212_8455158045805117440_n.jpg 0 1 0.748 0.622
24331883_526593837703553_6335619791495102464_n.jpg 1 0 0.763 0.986
24838250_1665945010124184_7036275222583967744_n.jpg 1 1 0.754 0.962
24254289_1525954920775049_5260725434496057344_n.jpg 1 0 0.747 0.993
24332175_147895175858621_7412862877129768960_n.jpg 1 1 0.73 0.696
24327397_150998888993894_3838112243199770624_n.jpg 1 0 0.743 1.0
24332507_135628950472182_5333491560698871808_n.jpg 1 0 0.753 0.824
24845557_2163958970296208_3857783799005839360_n.jpg 0 0 0.739 0.959
24327275_130750544287224_6429874042806730752_n.jpg 1 0 0.742 0.967


24331810_1988788848075599_7297318374147620864_n.jpg 0 0 0.717 0.62

24178120_1981765535434975_6044476675897425920_n.jpg 0 0 0.759 0.986
24331982_1398524686942776_1926988032842399744_n.jpg 0 0 0.752 0.991

24327930_1622703587787516_1181180435204407296_n.jpg 1 0 0.745 0.857
24845961_334194453716740_2668842937718145024_n.jpg 1 1 0.755 0.589
24331647_114168052703394_5083654017465188352_n.jpg 1 0 0.751 0.973
24327594_1355771491216267_8870373661253566464_n.jpg 0 0 0.733 0.758
24178136_1752757461692789_5004458497018953728_n.jpg 0 0 0.729 0.868

24331727_157597278187150_1786641008553885696_n.jpg 1 0 0.759 0.978
24331935_313590652470877_5053534008818794496_n.jpg 1 0 0.752 0.991
24327424_130437957623834_4017872498736496640_n.jpg 0 0 0.749 0.982
24327124_1761894487447321_4933841709890011136_n.jpg 1 1 0.759 0.638
24178013_520593294985905_3738166344177156096_n.jpg 1 1 0.752 0.975
24327874_1555693287843660_3622367317138079744_n.jpg 1 1 0.758 0.78
24839025_171885246731025_294331660663521280_n.jpg 1 0 0.746 0.86
24331577_1620882661291041_5434726491076165632_n.jpg 0 0 0.752 0.911
24332354_130521564290647_5655943136753483776_n.jpg 1 0 0.767 0.983
24838266_311114866042086_6560557571067871232_n.jpg 1 0 0.752 0.95
24838268_2021055851475888_5672723178841964544_n.jpg 1 0 0.758 0.864
24332020_1916041772005349_7058373842934169600_n.jpg 1 0 0.745 0.852

24845228_1535131283232468_331050839315578880_n.jpg 1 0 0.756 0.935
24845607_1532675783477080_3509009605344624640_n.jpg 1 0 0.757 0.978
24327403_197888904111642_5081226385985372160_n.jpg 1 0 0.755 0.987
24332019_141305516591007_7544979962395099136_n.jpg 1 0 0.753 0.746
24838258_127431058038210_5637676086792814592_n.jpg 0 0 0.732 0.987
24327559_1991922157688868_6020260967382777856_n.jpg 1 0 0.762 0.909
24845537_1345193755608662_8452786738526420992_n.jpg 1 0 0.749 0.967
24178140_152442352149875_2339372216870764544_n.jpg 1 0 0.753 0.977
24838943_369523566822755_8625806455208935424_n.jpg 1 0 0.757 0.974
24331838_467817726947260_855030084854087680_n.jpg 1 0 0.757 0.785
24845297_1193957937404404_851518270484774912_n.jpg 0 0 0.739 0.959
24174971_1359669990829476_2234119271573618688_n.jpg 1 1 0.752 0.908
24274905_400077297093538_215843267927867392_n.jpg 0 1 0.773 0.841
24331756_1932891530260991_2348671534031175680_n.jpg 0 0 0.73 0.646
24327608_417832618631271_1515244417416429568_n.jpg 1 0 0.759 0.766
24327439_688940797961265_7285279198564843520_n.jpg 0 0 0.737 0.9
24178094_369604383467535_87637875666976768_n.jpg 1 0 0.71 0.979
24327648_140848083356106_8547381692413771776_n.jpg 1 0 0.755 0.79
24838864_304268223404074_4737036936768651264_n.jpg 1 1 0.752 0.742
24331820_132410567413007_1131849029253070848_n.jpg 0 0 0.737 1.0
24327763_133417307299864_9186075197986308096_n.jpg 1 0 0.754 0.701

24839095_562123327467181_1212368494843133952_n.jpg 1 0 0.758 0.946
24331628_149083949065967_4587577873073700864_n.jpg 1 0 0.759 0.679
24838697_914574962036159_6705298149331697664_n.jpg 1 0 0.749 0.931
24327421_492519627814662_7175146225526636544_n.jpg 1 0 0.746 0.984
24327791_1522309174518938_7328420616044806144_n.jpg 1 1 0.757 0.999
24177610_2015790088665038_6113665330565873664_n.jpg 1 1 0.747 0.519
24845332_1995890510696746_2318332374678503424_n.jpg 1 0 0.751 0.934
24331881_2008290059395023_8397121823476547584_n.jpg 1 0 0.745 0.985
24178213_140888029948795_6561535178638884864_n.jpg 1 0 0.737 0.952
24174754_1563884410366663_4228347349602140160_n.jpg 1 0 0.752 0.991
24327066_530960367263452_9154470526519869440_n.jpg 0 0 0.749 0.608
24327741_279158079276437_5241917119871844352_n.jpg 1 0 0.748 0.941
24331900_195074111050175_1043325101832929280_n.jpg 1 0 0.749 0.975
24126813_289604034880680_5609116787657408512_n.jpg 1 0 0.738 0.991
24327602_753902471622856_6001401701561532416_n.jpg 0 0 0.729 0.974
24327403_1521951168104466_142893574822821888_n.jpg 1 0 0.743 0.952
24327108_130415914318433_1672812177502765056_n.jpg 1 0 0.751 0.927
24327316_239853259884275_7674598055298990080_n.jpg 1 0 0.753 0.502
24175019_1792594124366700_6389203537192026112_n.jpg 1 0 0.757 0.642

24327312_721702961359865_8424937019527921664_n.jpg 1 0 0.738 0.978
24332001_172703210135950_6098819024487972864_n.jpg 1 0 0.751 0.646

24845507_130523470973973_8386626233370148864_n.jpg 1 0 0.754 0.835
24328061_132859240735972_927884610073788416_n.jpg 0 0 0.752 0.753
24327941_1928092380775325_7121114433136361472_n.jpg 1 0 0.754 0.931
24327116_1545670222213828_4800293803514658816_n.jpg 1 0 0.748 0.555
24331600_2034717143426696_8922825365240414208_n.jpg 1 0 0.75 0.956
24845569_148047785844873_474059472017293312_n.jpg 1 0 0.756 0.965
24327961_524742374560280_3352910406245941248_n.jpg 1 0 0.753 0.963
24327529_955104821310931_8179360307190169600_n.jpg 1 0 0.754 0.767
24845077_172173626711839_5347549349435932672_n.jpg 1 0 0.755 0.966
24327406_307320616432992_6388610294834266112_n.jpg 1 0 0.754 0.93
24838335_384793211974264_472404634003046400_n.jpg 1 0 0.751 0.69
24845357_1734103849994097_6441268127186550784_n.jpg 1 0 0.747 0.867
24327457_1933069126905779_6381463379059408896_n.jpg 1 0 0.761 0.804



24177920_1944016512481816_1540104809112141824_n.jpg 1 0 0.75 0.984
24327774_297331567443022_610912304187310080_n.jpg 1 0 0.753 0.971
24327145_324063491404063_3437333400107614208_n.jpg 1 0 0.746 0.638
24845215_1190105474454597_8311599945052323840_n.jpg 1 0 0.751 0.759
24331569_842780829238537_6128182740933148672_n.jpg 1 0 0.759 0.885
24838684_606743962783130_1185379744988790784_n.jpg 1 0 0.754 0.931
24327968_1956361284688643_5674680786280775680_n.jpg 0 0 0.754 0.967
24332040_1871442816518906_5418243935602475008_n.jpg 1 0 0.751 0.717
24332145_132608554074936_1426713596573777920_n.jpg 0 0 0.736 0.897

24331878_1852476568377047_4941426935667359744_n.jpg 0 0 0.747 0.913
24838303_171285423462480_3766052733606428672_n.jpg 1 1 0.749 0.88

24331747_295741767601556_4257211625775300608_n.jpg 1 1 0.749 0.555
24331977_469319540135416_3196165480289140736_n.jpg 1 0 0.75 0.755
24274605_311492825923709_3116896099290316800_n.jpg 1 0 0.754 0.911
24328032_283942522129344_5001905315055140864_n.jpg 0 0 0.751 0.741
24328009_2026671287622300_4422482873563480064_n.jpg 1 0 0.756 0.998
24327497_890992274392722_3971030747887697920_n.jpg 1 0 0.754 0.991
24332111_197934034105237_3456303798207643648_n.jpg 0 1 0.742 0.809

24332323_1995842287364641_4136117501060710400_n.jpg 1 0 0.758 0.897
24846015_1967965113466462_1991550453682274304_n.jpg 1 1 0.751 0.792

24331627_505088919864093_7321376405822898176_n.jpg 1 0 0.755 0.644
24838313_1551509461607929_9202251999033163776_n.jpg 0 0 0.747 0.81
24327650_148840505744649_2935308657291689984_n.jpg 1 0 0.763 0.824
24175625_2026729077546998_4376974125944537088_n.jpg 1 0 0.741 0.972
24328023_136168417160000_7079055351709958144_n.jpg 0 1 0.761 0.921
24327176_1637298419664022_3601691941575589888_n.jpg 1 1 0.745 0.662

24332014_135231067184458_5558981346648391680_n.jpg 0 1 0.755 0.525
24327573_131718767606551_1016512514357198848_n.jpg 1 1 0.746 0.65

24845701_743162532551864_5354186070340665344_n.jpg 1 0 0.75 0.925
24331619_946386398847582_6119844706173059072_n.jpg 1 1 0.744 1.0
24332423_546774945668604_8671561480547598336_n.jpg 1 1 0.758 0.591
24331962_323755048032136_2076276753839423488_n.jpg 1 0 0.737 0.774
24328050_133451244005876_1610200913060823040_n.jpg 1 0 0.759 0.87
24327629_525199004523360_4441980895510921216_n.jpg 0 0 0.743 0.979
24175519_275478442976090_2543246570585849856_n.jpg 1 0 0.754 0.993
24175667_387761771661257_5137891813666848768_n.jpg 1 0 0.749 0.799
24327509_1150715665063896_2464177085954916352_n.jpg 0 0 0.741 0.805
24331810_528191177536012_4402406598694141952_n.jpg 1 0 0.758 0.903
24274777_1692943524083308_8856199461722914816_n.jpg 1 0 0.749 0.981
24175519_178894929361278_6853169093034377216_n.jpg 0 0 0.751 0.963
24845579_1960801137503950_6507439386940932096_n.jpg 0 0 0.75 0.626
24327730_193960807829811_4039449061516902400_n.jpg 1 1 0.741 0.518
24328037_194432647784325_4550209346906095616_n.jpg 1 1 0.748 0.503

24327710_124088438375580_7034492858400768000_n.jpg 0 0 0.757 0.877
24327444_193793714501231_6295207258796064768_n.jpg 0 0 0.743 0.994
24331913_1187445931398968_1366347560645558272_n.jpg 0 0 0.678 0.984
24327742_138606956800923_8125382154646454272_n.jpg 1 1 0.753 0.992
24175625_499915910392149_4965985850723663872_n.jpg 1 0 0.76 0.969
24327153_543299726007009_7155719826453823488_n.jpg 0 0 0.714 0.985

24331839_1434120696685465_8625573573492211712_n.jpg 0 0 0.731 0.753
24332377_1990220917862766_1809939694306197504_n.jpg 0 0 0.732 0.879
24327957_137434930364891_5975230614696099840_n.jpg 0 0 0.738 0.947
24327315_1688905694513745_1216222553681428480_n.jpg 1 0 0.75 0.934
24332477_1747277618902593_4815680523852578816_n.jpg 1 0 0.758 0.941
24327192_1753872071289525_4611638146721906688_n.jpg 1 0 0.756 0.97
24332404_1231005120377107_1209320545531723776_n.jpg 1 0 0.755 0.981
24331804_115905775862359_5673094783707381760_n.jpg 1 0 0.754 0.838
24177377_1944494995802288_6902295972643078144_n.jpg 0 0 0.747 0.633
24327488_348301948969127_1004113454874755072_n.jpg 1 0 0.748 0.699
24327385_135107303866654_7503513225678290944_n.jpg 1 0 0.752 0.769
24845078_1990700351179928_2258627467361124352_n.jpg 0 0 0.74 0.992

24327106_1995671507358196_4128002310678773760_n.jpg 1 0 0.753 0.889
24327654_1985763071696239_971385821259104256_n.jpg 1 0 0.753 0.989
24838474_1623326507734825_5533146418283282432_n.jpg 0 0 0.723 0.986
24332395_130560454306176_6612477497973932032_n.jpg 1 0 0.757 0.957
24332276_257480588124845_8278946708860174336_n.jpg 1 1 0.75 0.957
24175278_139786616679852_1955648268004229120_n.jpg 1 0 0.748 0.988
24331993_136329467067737_153185622134095872_n.jpg 1 0 0.75 0.989
24327457_135359920502097_25697815829151744_n.jpg 1 0 0.759 0.582

24327349_205435686667010_3629340291032416256_n.jpg 1 0 0.764 0.903
24327488_568983826785696_7300972626812338176_n.jpg 0 0 0.742 0.947
24177774_135398233903743_2801112228034510848_n.jpg 1 1 0.754 0.992
24328024_604161246374152_1008949523625541632_n.jpg 1 0 0.745 0.897
24331843_293912011121260_3724449021792616448_n.jpg 0 0 0.752 0.999

24327347_1313833362086125_5813766443098963968_n.jpg 0 0 0.682 0.991
24327821_389735168122507_1463575273650782208_n.jpg 1 0 0.739 0.759
24327314_152580548614758_2739233019293335552_n.jpg 1 1 0.745 0.998
24327175_1739470673026493_2245766299462402048_n.jpg 1 1 0.755 0.84
24332275_2066462463584424_3526280678159155200_n.jpg 0 0 0.756 0.991
24327067_370524156739549_4892200009090465792_n.jpg 0 0 0.72 0.51
24175613_198904914010906_4602242901466939392_n.jpg 0 0 0.747 0.932
24332432_1758109411149649_6955596177484021760_n.jpg 1 1 0.751 0.731
24838321_173910509862973_5732756006912393216_n.jpg 1 0 0.76 0.968
24332117_1952992114950092_2692500369203789824_n.jpg 0 0 0.735 0.745
24845893_780675772122224_7188076095722225664_n.jpg 1 1 0.754 0.662
24331577_427618407640867_6676275191296819200_n.jpg 0 0 0.754 0.537
24328022_386309755130859_2729941806736211968_n.jpg 1 0 0.745 0.954
24327299_307710553075339_5813638380059099136_n.jpg 1 0 0.753 0.864
24838338_131976650806764_163918857075949568_n.jpg 1 0 0.749 0.931
24838487_769528056578905_2751745843869515776_n.jpg 1 0 0.757 0.518
24327561_1988448321444312_5315779678210883584_n.jpg 1 1 0.751 0.985
24845457_569756913367830_2742739576622678016_n.jpg 0 0 0.727 0.99
24838726_148847585757363_6226656505555320832_n.jpg 1 0 0.738 0.856
24332010_1759012947444921_9084886210874179584_n.jpg 1 0 0.752 0.755
24125308_1497675410323563_965982494702698496_n.jpg 0 0 0.742 0.947
24332473_135710453806379_4433993540535582720_n.jpg 0 0 0.751 0.981
24327917_420615888354423_1975040504907169792_n.jpg 1 1 0.753 0.771
24274890_335028633639868_5219350111863177216_n.jpg 0 0 0.745 0.957
24332395_2010798579165273_3617645971258736640_n.jpg 0 0 0.734 0.942
24327167_390867251345572_1381439598982332416_n.jpg 1 1 0.755 0.891

24327654_332572947223394_1073765914471563264_n.jpg 1 0 0.761 0.965
24274873_2010091452570394_773004417182990336_n.jpg 1 0 0.757 0.967
24327346_1745052489136354_360490546617122816_n.jpg 1 0 0.753 0.714
24327366_148783969218317_4147203885393510400_n.jpg 1 0 0.757 0.849
24845941_171805050079689_4221555387104493568_n.jpg 0 0 0.751 0.728
24838943_185362912017951_7896336595337347072_n.jpg 1 0 0.753 0.979
24327217_164417407496330_3409216065991868416_n.jpg 0 0 0.73 0.984
24845434_1937210236529938_8384108613735546880_n.jpg 1 1 0.754 0.763
24332169_155153501908525_2472611787543937024_n.jpg 0 0 0.737 0.983
24332113_542893612712123_2294877867512692736_n.jpg 1 0 0.75 0.922
24327271_505307376493964_3366142491815313408_n.jpg 0 0 0.745 0.558
24331678_1503807773040584_7008844597904277504_n.jpg 1 0 0.759 0.885
24327360_148483479252640_3102992852066500608_n.jpg 1 0 0.756 0.978

24838363_171401570265884_5052007341218594816_n.jpg 1 0 0.755 0.657

24838789_309880246184811_7866665037111230464_n.jpg 1 0 0.751 0.991
24332404_2049397368626995_5377211956950204416_n.jpg 0 0 0.737 0.776
24838253_560107544348985_7195664014444068864_n.jpg 0 0 0.754 0.935
24845286_524008091285965_4425093805657554944_n.jpg 0 1 0.747 0.578
24327297_368373396923073_5194302914859892736_n.jpg 0 0 0.646 0.992
24331797_1904742189840964_2571000563353255936_n.jpg 1 0 0.752 0.759
24327251_776920232508634_853236192978665472_n.jpg 0 0 0.716 0.936
24327690_1397653950360405_33244391195803648_n.jpg 1 0 0.755 0.708

24177879_106351473487252_4883365312902201344_n.jpg 0 0 0.746 0.969
24327370_1983689018565043_1450648336917856256_n.jpg 1 0 0.753 0.932
24838656_165191887421320_222767566957838336_n.jpg 1 1 0.754 0.55
24331896_371502426653023_5621545675687723008_n.jpg 0 0 0.745 1.0
24327807_1752543688102635_7337803998600101888_n.jpg 1 0 0.747 0.774
24327487_339180393158307_1398531545890816000_n.jpg 1 0 0.762 0.969
24177911_1558759777492955_764208397175226368_n.jpg 1 0 0.763 0.688
24327238_1305625156236354_6467383134663999488_n.jpg 1 0 0.759 0.885
24327740_2082897505258433_2144976014164361216_n.jpg 1 0 0.748 0.965
24838188_750482631808914_4183133271099441152_n.jpg 1 0 0.75 0.98
24327648_265873663940347_2049617939077791744_n.jpg 0 0 0.746 0.985
24845227_525975201101327_5201511695343681536_n.jpg 1 0 0.75 0.961
24327660_1737630639877670_1455457085381672960_n.jpg 1 0 0.753 0.994
